jails:
  khoikopro123:
    world: 4446dd65-ac25-413b-b00a-e4a07ffeb151
    world-name: world
    x: 78.48171241298138
    y: 64.0
    z: -942.5406790673692
    yaw: -75.93031311035156
    pitch: 90.0
